# Frame list with one line of data per frame:
#   FRAME_ID, RIG_ID, RIG_FROM_WORLD[QW, QX, QY, QZ, TX, TY, TZ], NUM_DATA_IDS, DATA_IDS[] as (SENSOR_TYPE, SENSOR_ID, DATA_ID)
# Number of frames: 121
1 1 0.99959358333713311 0.015853688740967164 0.0019577837826298488 -0.023611348694961679 0.059099500661591739 -0.7877502367260929 3.6117299181804166 1 CAMERA 1 1
2 1 0.99933887870483218 0.015151431610666094 0.027517148868754511 -0.018304265821140475 0.057427780400135679 -0.78833427233784392 3.6115814204537067 1 CAMERA 1 2
3 1 0.99839275962098839 0.014384795133120994 0.053216123976118357 -0.013153682158389893 0.055048797345554214 -0.78900799473121752 3.609623157748953 1 CAMERA 1 3
4 1 0.99676732732602724 0.013846275905669921 0.078744911289789679 -0.0079003015661339542 0.053459782262657851 -0.78840148417597711 3.6110565695186976 1 CAMERA 1 4
5 1 0.99445891952418275 0.013073724952427439 0.10427549694428676 -0.002675038632544442 0.051447272502712527 -0.78913691176448175 3.610680160543084 1 CAMERA 1 5
6 1 0.99145585400609459 0.012322846902564652 0.12983410780692184 0.0025576260950830308 0.049071975373637056 -0.7895515130674291 3.6109684541767018 1 CAMERA 1 6
7 1 0.98778583674721265 0.011688448856004311 0.15517936877135888 0.0078666633760487489 0.047422903671228644 -0.78957807943773384 3.6104480116284221 1 CAMERA 1 7
8 1 0.98343058490575619 0.010941916071132835 0.1804903328213649 0.012953721575188022 0.045005575905799483 -0.79060821201519693 3.6101425482252281 1 CAMERA 1 8
9 1 0.97841622330000988 0.010318743762689786 0.20557611484904423 0.018266869301501183 0.043407622738376103 -0.79020456754078816 3.6108143772160353 1 CAMERA 1 9
10 1 0.97271666733433493 0.0095080914879430278 0.23061224345008019 0.023449402064080024 0.041306177863311311 -0.7911769493989349 3.6116904343483927 1 CAMERA 1 10
11 1 0.96635916706269664 0.0089265397063475263 0.25544305633203412 0.02862030912676404 0.039365113038641028 -0.79088693009308464 3.6121934000379516 1 CAMERA 1 11
12 1 0.95934466199555957 0.0080689861566627871 0.28009150875417693 0.033785465615231484 0.037789096333222943 -0.79221013710027433 3.6122952557141486 1 CAMERA 1 12
13 1 0.95166671290942195 0.0074283532450479615 0.30457096231929376 0.038882078392776229 0.035620671446650133 -0.79232637725842137 3.6125347912421346 1 CAMERA 1 13
14 1 0.94334787712498236 0.0067812525215889393 0.32879821227948192 0.044051480563593176 0.034234188912905368 -0.79221875267002428 3.6143903909480382 1 CAMERA 1 14
15 1 0.93437633590111491 0.0060272437512869457 0.35282107291586307 0.049212048801779165 0.032674646955245426 -0.79244941704354543 3.6151256656047042 1 CAMERA 1 15
16 1 0.92472985853108758 0.0051549817587488809 0.37671100150397951 0.054193507452560213 0.030620866980062257 -0.79393400712685136 3.6149824378680715 1 CAMERA 1 16
17 1 0.91451628177906841 0.0045268584061818311 0.40015986146535859 0.059258444005755632 0.029350507413253631 -0.79327532524097832 3.6172932026970646 1 CAMERA 1 17
18 1 0.90366453168124772 0.003884573540728479 0.42335925410198233 0.064360439991744928 0.02832503192813806 -0.79302278292147144 3.6187072834820553 1 CAMERA 1 18
19 1 0.89216718780113402 0.0029989023390136395 0.44635651967056283 0.069242854818093169 0.02720066267151253 -0.79474334921697065 3.6187494679086476 1 CAMERA 1 19
20 1 0.88004918736335191 0.0023547323596077863 0.46907306072160038 0.074015854800769179 0.025138127796354576 -0.79470250421262756 3.6211955746469773 1 CAMERA 1 20
21 1 0.86736308515034322 0.00158438391750188 0.49138147747431188 0.078886068739940973 0.024030443626503511 -0.79520186355487898 3.6238925180454946 1 CAMERA 1 21
22 1 0.85406413313099383 0.00082588401923890781 0.51339651620039628 0.083652803707271184 0.023205346273714615 -0.79568340750318489 3.6252150200606224 1 CAMERA 1 22
23 1 0.84016576172222757 0.00014296098507218818 0.53507797539521518 0.088391360657156345 0.022037688528536714 -0.79591593619973278 3.6279815206422854 1 CAMERA 1 23
24 1 0.82571859625946753 -0.00061501408321150538 0.55634659344102078 0.093096130507897876 0.021258187312870002 -0.79612187490495678 3.63061827561984 1 CAMERA 1 24
25 1 0.81070756656978182 -0.001351089157951078 0.57723688702901699 0.097718945540975086 0.020546711167901254 -0.79651087281593069 3.6333702463155277 1 CAMERA 1 25
26 1 0.79512533680988895 -0.0020186374203590052 0.59778143511932524 0.10212237606228119 0.019610482187397624 -0.79687596188857446 3.6372303372898109 1 CAMERA 1 26
27 1 0.77905773108904008 -0.0027569443022833389 0.61781363537197287 0.10661971129663619 0.019566217823523087 -0.79744644736433457 3.6389593067402766 1 CAMERA 1 27
28 1 0.7623974188207121 -0.0035213011229643446 0.63751037545091804 0.11098782548706315 0.019273915785673952 -0.79785880875612558 3.6418983947373689 1 CAMERA 1 28
29 1 0.74531163173780568 -0.0042074900684352726 0.65665523390866531 0.11531163169433403 0.019430812921509878 -0.798188122131686 3.6431811479850729 1 CAMERA 1 29
30 1 0.7276201388871949 -0.0049752121078488337 0.67549219063323307 0.11939213183362266 0.019198428058824605 -0.79919155676694342 3.6459689628793437 1 CAMERA 1 30
31 1 0.70953470776978678 -0.005702257650144287 0.69372662631940596 0.12357730642488526 0.019549452205246939 -0.79978018278120766 3.6476661664868186 1 CAMERA 1 31
32 1 0.69091662848233648 -0.0064132550020604279 0.71155399259820418 0.12760877032725668 0.019855759772464735 -0.80007993929870169 3.6493280643375918 1 CAMERA 1 32
33 1 0.67179482261156198 -0.0070254965357332867 0.72891970444634591 0.13159948016834336 0.019853787621935008 -0.80020265294120618 3.6515862878364755 1 CAMERA 1 33
34 1 0.65228624444584793 -0.0077253210980823481 0.74572817819331638 0.13547124775811453 0.020546107134703086 -0.8005974370317871 3.6531803660774558 1 CAMERA 1 34
35 1 0.6322443958747539 -0.0082559847990499886 0.7621157380068706 0.13920655330194967 0.020379726593276248 -0.80037050303764945 3.6551889937134834 1 CAMERA 1 35
36 1 0.61178517537029919 -0.00887955717129673 0.77793941716091031 0.14300460093618445 0.020816312884309934 -0.80010038148710239 3.6565138552171281 1 CAMERA 1 36
37 1 0.59097094911801085 -0.009710508082428581 0.79320558062655067 0.14657404338502525 0.022112240808292053 -0.80132708608071024 3.6576848491790295 1 CAMERA 1 37
38 1 0.56968610118416929 -0.010294235884976497 0.8079726896476902 0.15010632101481364 0.022621932125653471 -0.80105528027998452 3.6598139623249568 1 CAMERA 1 38
39 1 0.54805525853690429 -0.011069547464331461 0.82216402030301183 0.15349013788569862 0.023720066352866956 -0.80166377892831164 3.6616797579828502 1 CAMERA 1 39
40 1 0.52598823488406699 -0.011689604778464698 0.83584922240590565 0.15670292692579124 0.023839634801903275 -0.80195567813135016 3.6623506491226219 1 CAMERA 1 40
41 1 0.50352374853961945 -0.012399962061466079 0.8489782695663538 0.15983107770894858 0.024585687392985025 -0.8029587060360458 3.6631307746536454 1 CAMERA 1 41
42 1 0.48078429992009819 -0.013036387457173696 0.86150709207124332 0.16273303248989671 0.025423303971452978 -0.80408436777912673 3.6646750733171722 1 CAMERA 1 42
43 1 0.45768901867323131 -0.013606453269608906 0.87339796580024986 0.16586627128907894 0.026150390287368191 -0.80355727907169738 3.6650011747047526 1 CAMERA 1 43
44 1 0.4342603547690112 -0.014199397630802042 0.88474880373413767 0.16862940334896273 0.026727034448633773 -0.80423102961054949 3.6653470324975408 1 CAMERA 1 44
45 1 0.41062393952342813 -0.014854535147785007 0.895398354572702 0.17154914661490278 0.028489110154366268 -0.80351293352425335 3.667470128273592 1 CAMERA 1 45
46 1 0.38666802596270622 -0.015558503019512457 0.90548191299356384 0.17420756563195502 0.029884804211215858 -0.80386959731768426 3.6697814347933657 1 CAMERA 1 46
47 1 0.36241198333156954 -0.016061709145234464 0.91497709042418851 0.17668191711632125 0.030530096269368031 -0.80407710963825785 3.6701749113546605 1 CAMERA 1 47
48 1 0.33802597064895812 -0.016766085937044203 0.92378596667339907 0.179100053898582 0.032548575857593361 -0.80436100646359177 3.6718951871790706 1 CAMERA 1 48
49 1 0.31320707424273703 -0.017285424230693871 0.9320443650624648 0.1813721155767242 0.033324818988576345 -0.80413190790922151 3.6731155980868415 1 CAMERA 1 49
50 1 0.28825795662496417 -0.017871664290448709 0.9396442374285493 0.18345751858457596 0.034676879130974891 -0.80438557730401372 3.675096719011413 1 CAMERA 1 50
51 1 0.26318063385053569 -0.018435063034017238 0.94655005646837231 0.18557772769565711 0.036365719482525587 -0.80435580727139 3.6759681943348741 1 CAMERA 1 51
52 1 0.23784356120391184 -0.019024667748145568 0.95287695809465234 0.18733394017955196 0.038183514786225149 -0.80493127752478022 3.6763658390560154 1 CAMERA 1 52
53 1 0.21231942429904554 -0.019516394540763746 0.95853243988908954 0.18909028026241897 0.039686861209872297 -0.80524343709629642 3.6774304666949478 1 CAMERA 1 53
54 1 0.18691429581847707 -0.020168030102298611 0.96347310583254775 0.19072459442311052 0.042182854909848348 -0.80555351167603717 3.6781969667383332 1 CAMERA 1 54
55 1 0.16113649528961732 -0.020651687272737498 0.96780727743861461 0.19224362521400998 0.043823195684280211 -0.80549131669270391 3.6794309549433906 1 CAMERA 1 55
56 1 0.13524359397205959 -0.021178831708779544 0.97143596365677853 0.19383703436443211 0.045638229186089625 -0.80441355424304761 3.6814696088187473 1 CAMERA 1 56
57 1 0.10930127132144919 -0.021626053992526262 0.97446078275082981 0.1949659682018052 0.047426140700333921 -0.80504486063240033 3.6818123474124382 1 CAMERA 1 57
58 1 0.083280640929415312 -0.022183190733819462 0.97679171275842147 0.19608720198351096 0.049372377354992412 -0.80481319966488363 3.6828830213386969 1 CAMERA 1 58
59 1 0.057145491437217907 -0.022571401510261518 0.97841035148850841 0.19732741508060897 0.051102707229457277 -0.80387393360217796 3.6841201089930289 1 CAMERA 1 59
60 1 0.030897911639871333 -0.022967463636154862 0.97943225710904547 0.19806632324728335 0.053047352626338154 -0.80424730497563757 3.6844680348138552 1 CAMERA 1 60
61 1 0.0046357873397729231 -0.023358127962968767 0.97975250357483312 0.19879119465573047 0.05451614714910983 -0.80414871418674871 3.684570894951456 1 CAMERA 1 61
62 1 -0.021566497989453679 -0.023606887340368962 0.97943320343029494 0.19921897764229321 0.055949454872227154 -0.80430083733112234 3.6865374692448785 1 CAMERA 1 62
63 1 -0.047774826116827485 -0.024092272107071377 0.97837704278296223 0.19978861471438117 0.058151192510387854 -0.80348391249168705 3.6866301004363957 1 CAMERA 1 63
64 1 -0.073965967173292416 -0.02454119507243473 0.97669117475477818 0.20000278648225756 0.060339337014605435 -0.80358007774434514 3.6867806678401269 1 CAMERA 1 64
65 1 -0.1000991989723081 -0.024903716541262624 0.97433318606983788 0.20008697556446128 0.06226520282827628 -0.80358736978670908 3.687846619305724 1 CAMERA 1 65
66 1 -0.1261604949275473 -0.025109770134666354 0.97129609148129259 0.2000923077896431 0.064118338416683449 -0.80354965716835813 3.6871033086779801 1 CAMERA 1 66
67 1 -0.1521104981059051 -0.025645956244432579 0.96762288267935381 0.19977647061047923 0.066898412023674025 -0.80418392211852541 3.6854277720157715 1 CAMERA 1 67
68 1 -0.17794657112978429 -0.025846801985106433 0.96322900495479735 0.19964179087577422 0.068599237881084407 -0.80352410715126787 3.6854759036819895 1 CAMERA 1 68
69 1 -0.20375031834571652 -0.026190676179851102 0.9582026345402872 0.19911696917971186 0.070932450693236393 -0.80332889738255342 3.6852979572354334 1 CAMERA 1 69
70 1 -0.22930344534793401 -0.026383101841319256 0.95251149884223318 0.19860943195659239 0.072439802243340082 -0.80380261333221992 3.6836070978785322 1 CAMERA 1 70
71 1 -0.25489481721384394 -0.02659475226052092 0.94609207721980559 0.19806850514818355 0.073646406372052609 -0.80263143933218517 3.6836744118824933 1 CAMERA 1 71
72 1 -0.28011929577255884 -0.026893528881639938 0.93911929034060782 0.19714176815259504 0.075793088763549871 -0.80262628136996073 3.6839810408195754 1 CAMERA 1 72
73 1 -0.30523090428280447 -0.026956535358147817 0.93144743551884768 0.19624758632286046 0.077009772037030758 -0.80283868437012007 3.680967657739953 1 CAMERA 1 73
74 1 -0.33013226209121399 -0.027108219868596958 0.92316945615534529 0.19502817530792302 0.078844197870607841 -0.8029764884035826 3.679658200878122 1 CAMERA 1 74
75 1 -0.35467832936659649 -0.02732461278688196 0.91427248106505665 0.19381041917531877 0.080871202899080272 -0.80265721907622412 3.678251312707649 1 CAMERA 1 75
76 1 -0.3791691747248046 -0.027319688698658907 0.9046916956246035 0.19239882384203599 0.081856381784992632 -0.80275470397159676 3.67737240920076 1 CAMERA 1 76
77 1 -0.40327120774151254 -0.027513339134576882 0.89450102527016284 0.19100592914094369 0.083430092707521983 -0.80220362730014305 3.6755362485857916 1 CAMERA 1 77
78 1 -0.42718754420130678 -0.027545997597821247 0.8836788186046628 0.18937731026990812 0.084465370356126168 -0.80204030896350598 3.6741833577967702 1 CAMERA 1 78
79 1 -0.45070756398885431 -0.027609914955364398 0.87232666482845933 0.18747419606081089 0.086382527949541515 -0.80252308520305982 3.6708674491454976 1 CAMERA 1 79
80 1 -0.47383211951720011 -0.027874359636246827 0.86038489475784519 0.18559088194531123 0.088293322652869766 -0.80199777570248543 3.6677258821771166 1 CAMERA 1 80
81 1 -0.49674967433849887 -0.02784660485433877 0.84778938010697014 0.1836232409596375 0.089051013183942762 -0.80149817420395264 3.6667049419089373 1 CAMERA 1 81
82 1 0.51933811464227608 0.027813694599194281 -0.83462384073985774 -0.18143143482097426 0.090111969968936029 -0.80166435976127259 3.6640018997149775 1 CAMERA 1 82
83 1 0.54142634151572255 0.027907892390176155 -0.82094880925694391 -0.17922532978026437 0.091830121388769836 -0.80062093163597514 3.6623555213593533 1 CAMERA 1 83
84 1 0.56321868143461584 0.02802140209054715 -0.80665598967518282 -0.17693397703404568 0.09302264726942043 -0.79992867401291734 3.6581978508592847 1 CAMERA 1 84
85 1 0.58468979604840488 0.02806201529213264 -0.79180159821314744 -0.17435766332950337 0.094110468328495039 -0.79973398309086396 3.6556184746558933 1 CAMERA 1 85
86 1 0.60570584157132157 0.027943757027167313 -0.7764327765314355 -0.17173154473558366 0.094449372937382953 -0.79903526844756478 3.6527460758569519 1 CAMERA 1 86
87 1 0.62641120795979532 0.027849693262755132 -0.76044937960195402 -0.16896784957655056 0.094508936685424011 -0.79894116489334233 3.6500880223074637 1 CAMERA 1 87
88 1 0.6465596469058662 0.027838738742755092 -0.74403767388161846 -0.1661131164688833 0.095070207064311157 -0.79879516057134747 3.6466695287985869 1 CAMERA 1 88
89 1 0.66625989902742722 0.027703119305358372 -0.72715832343839393 -0.16300630902814664 0.09585975142171374 -0.79918764272343079 3.6444210642856549 1 CAMERA 1 89
90 1 0.68555154993110701 0.027715188644232468 -0.70968532218238112 -0.15999276291245706 0.095781213714893246 -0.79828255786135827 3.6425776915309171 1 CAMERA 1 90
91 1 0.70439125507444766 0.02775067433767698 -0.69174176913186336 -0.15670413104563852 0.096345521613447338 -0.79736764782484959 3.639515682929658 1 CAMERA 1 91
92 1 0.72275856669089411 0.027624143045932695 -0.67329810413007651 -0.15338391040375476 0.096332905723944831 -0.79716491865517525 3.639084350818556 1 CAMERA 1 92
93 1 0.7406035737982124 0.027382175416656541 -0.6544031635136428 -0.15004353544922708 0.095579601240583928 -0.79672561270174502 3.6372691256845169 1 CAMERA 1 93
94 1 0.75791958018049022 0.027171134831165348 -0.63509988226780489 -0.14651886893651728 0.095197614139483286 -0.79614760053972389 3.6356413999070596 1 CAMERA 1 94
95 1 0.77479664411006322 0.027043795214557551 -0.61525704049514962 -0.14289005401821051 0.094508421854757704 -0.7951482832585115 3.6351770402133652 1 CAMERA 1 95
96 1 0.79104796418057211 0.026751045528788348 -0.59511623407453862 -0.13915519347055727 0.094090228522836453 -0.79470300195951038 3.6350594134494956 1 CAMERA 1 96
97 1 0.80678635140774857 0.026491602979256807 -0.57448613744255239 -0.135497808248322 0.09286085218200954 -0.79411451236400743 3.6333627499833474 1 CAMERA 1 97
98 1 0.82196683942535498 0.026419411338832861 -0.55345094001782091 -0.13177475700221553 0.092183950044442367 -0.79276977470155841 3.6326639138940071 1 CAMERA 1 98
99 1 0.83654688459717363 0.026090599482263891 -0.53216346115073376 -0.12771312033417184 0.091851677583918989 -0.79270749795984019 3.6329683912692308 1 CAMERA 1 99
100 1 0.85059320364485824 0.025910684067797781 -0.51041949562408639 -0.12365992419199102 0.091211768952998346 -0.79175680628158096 3.6322705081807851 1 CAMERA 1 100
101 1 0.86400848620308579 0.025478235629495867 -0.48841215225801299 -0.11955653392832857 0.090208631565923278 -0.79171860339161093 3.6317377670386408 1 CAMERA 1 101
102 1 0.8768961580373752 0.025036331045143589 -0.46596680985397976 -0.1153310117080134 0.088933115859340828 -0.79182831688968169 3.6304427693057497 1 CAMERA 1 102
103 1 0.88913248708952752 0.024759258527413196 -0.44328872116092899 -0.11102030990171248 0.088459661233552034 -0.79159241258671753 3.6288742377114525 1 CAMERA 1 103
104 1 0.90077953196492577 0.024306621112955194 -0.42028089850224948 -0.10662733850782571 0.087292953748217855 -0.79146724916044231 3.6272385988088018 1 CAMERA 1 104
105 1 0.91180263392635652 0.023896963369070032 -0.39696356473614469 -0.10229770368228673 0.085697344517942989 -0.79138954982421761 3.6263160363553673 1 CAMERA 1 105
106 1 0.92219189695071613 0.023514368932611471 -0.37344729647417207 -0.097705150367177446 0.085121208714423205 -0.79095685446539177 3.6237702911482561 1 CAMERA 1 106
107 1 0.93201953107570057 0.02315501053733968 -0.34945142240356836 -0.093204841937368846 0.083026526082732241 -0.79038023393015999 3.6230700816159174 1 CAMERA 1 107
108 1 0.94114505560731554 0.022748055379144226 -0.32544002139132572 -0.08841551198281733 0.08205452849573977 -0.79001833424350454 3.6223956001431108 1 CAMERA 1 108
109 1 0.94967107815023721 0.022282911731509758 -0.30102693813102405 -0.083732297766110519 0.080210934355185101 -0.78958777584419726 3.621689001203289 1 CAMERA 1 109
110 1 0.95752376566476038 0.021783997362853864 -0.27644822105160483 -0.079057426744585685 0.07851875543686547 -0.78919534918954704 3.6205775232163551 1 CAMERA 1 110
111 1 0.96469579291354701 0.0213210396288721 -0.25181152640157889 -0.074151167053215353 0.077116121502108351 -0.78931520145953971 3.6189289622864242 1 CAMERA 1 111
112 1 0.97121508418622382 0.020881634232822584 -0.22695387048721952 -0.069261520859588047 0.07572545075157984 -0.78861287752402942 3.6192939287450043 1 CAMERA 1 112
113 1 0.97709580381899575 0.020333531849194356 -0.20184924883975733 -0.064243430673292024 0.074127126681772876 -0.78871979952458904 3.6170488143035269 1 CAMERA 1 113
114 1 0.98227498882513309 0.019884210787939262 -0.17668325950885608 -0.059358995099747347 0.072048800462409385 -0.78830973679480598 3.6164206727675694 1 CAMERA 1 114
115 1 0.98677882522251115 0.019351203617494955 -0.1514888317219904 -0.054260619924045315 0.071052710674077091 -0.7881856551660561 3.6158422069430354 1 CAMERA 1 115
116 1 0.99062392295126211 0.018755631253356067 -0.12602546220607494 -0.049295562160151477 0.068691936295622882 -0.78815548432212601 3.6155405749687173 1 CAMERA 1 116
117 1 0.99378292836849058 0.018343740099731175 -0.10049229186409631 -0.044275249953019284 0.066905192927468132 -0.78742300350154515 3.6150420830924355 1 CAMERA 1 117
118 1 0.99626344140883993 0.017607840868480995 -0.074971143028742637 -0.039095357334718202 0.06507765289019049 -0.78813098691431649 3.6128211472595471 1 CAMERA 1 118
119 1 0.998059776951574 0.017002982945723437 -0.049341130778101129 -0.033956339847817117 0.062820893386020357 -0.78794800389971387 3.6137983896844279 1 CAMERA 1 119
120 1 0.9991678126735587 0.016424824390648993 -0.023655722169770816 -0.028884495313217247 0.060851765155058753 -0.78805353219092356 3.6114956773668707 1 CAMERA 1 120
121 1 0.99959358226517614 0.015853696341078118 0.001957804958176006 -0.023611387217680448 0.059099244653115758 -0.78775022339978384 3.6117299225393422 1 CAMERA 1 121
